1 2 -3 3 -2 0 4  <= V
0 1  2 3  4 5 6  <= I

0 1  2 3  4 5 6
0 1  2 3  4 5 6

i = 0, v = V[i] = 1
2 1 -3 3 -2 0 4   <= V
1 0  2 3  4 5 6   <= I 

0 1  2 3  4 5 6   <= J(index)
1 0  2 3  4 5 6   <= J

i = 1, v = V[i] = 2
1 -3 2 3 -2 0 4
0  2 1 3  4 5 6

0  1 2 3  4 5 6
0  2 1 3  4 5 6

i = 2, v = V[i] = -3
1 2 3 -2 -3 0 4
0 1 3  4  2 5 6

0 1 2  3  4 5 6
0 1 4  2  3 5 6

i = 3, v = V[i] = 3
1 2 -2 -3 0 3 4
0 1  4  2 5 3 6

0 1  2  3 4 5 6
0 1  3  5 2 4 6 

i = 4, v = V[i] = -2, 
-2 1 2 -3 0 3 4
 4 0 1  2 5 3 6

0 1  2  3 4 5 6
1 2  3  5 0 4 6

i = 5, v = V[i] = 0, 
-2 1 2 -3 0 3 4
 4 0 1  2 5 3 6

0 1  2  3 4 5 6
1 2  3  5 0 4 6

i = 6, v = V[i] = 4, 
-2 1 2 -3 4 0 3
 4 0 1  2 6 5 3

0 1  2  3 4 5 6
1 2  3  6 0 5 4
